LSTMsolar.py: 48.83203125 MiB
NNsolar.py: 48.84375 MiB
sarima.py: 48.8671875 MiB
sarimaxdata1.py: 13.8125 MiB
TFT.py: 13.92578125 MiB
TIDE.py: 49.0625 MiB
